0 
0 Name: Neues Modell.ldr
0 Author: 
1 7 0.8253 -9 25.5 1 0 0 0 1 0 0 0 1 95648.dat
1 0 0 -9 25.5 1 0 0 0 1 0 0 0 1 3707.dat
1 0 -74.8479 -9 25.2658 0 0 1 0 1 0 -1 0 0 32039.dat
1 0 75.3117 -9 25.2658 0 0 -1 0 1 0 1 0 0 32039.dat
1 0 -95.0218 -9 25.2658 0 0 1 0 1 0 -1 0 0 4519.dat
0 STEP
1 0 94.5943 -9 23.496 0 0 -1 0 1 0 1 0 0 44294.dat
1 0 94.2998 -9 -58.1588 1 0 0 0 1 0 0 0 1 32034.dat
1 0 94.2998 -9 103.4863 1 0 0 0 1 0 0 0 1 32034.dat
1 0 94.2998 -9.6703 133.3349 0 0 1 0 1 0 -1 0 0 3749.dat
1 0 94.2998 -9.6703 -89.0559 0 0 -1 0 1 0 1 0 0 3749.dat
0 STEP
1 0 94.2998 -9.4263 144.1667 0 0.913546 -0.406737 0 -0.406737 -0.913546 -1 0 0 32015.dat
1 0 94.2998 -9.4263 -98.6369 0 0.913546 -0.406737 0 -0.406737 -0.913546 -1 0 0 32015.dat
0 STEP
1 0 22.904 -8.4888 143.7869 1 0 0 0 1 0 0 0 1 3706.dat
1 0 22.904 -8.4888 -98.4191 1 0 0 0 1 0 0 0 1 3706.dat
1 0 -43.2742 -9 -97.9329 0 0 -1 0 1 0 1 0 0 32013.dat
1 0 -43.2742 -9 143.8439 0 0 -1 0 1 0 1 0 0 32013.dat
0 STEP
1 0 123.2463 56.1576 -98.4191 0.406737 -0.913545 0 0.913545 0.406737 0 0 0 1 3706.dat
1 0 153.1707 123.3683 -98.4791 0 -0.913545 0.406737 0 0.406737 0.913545 -1 0 0 32013.dat
1 0 123.2463 56.1576 144.3716 0.406737 -0.913545 0 0.913545 0.406737 0 0 0 1 3706.dat
1 0 153.1707 123.3683 144.3116 0 -0.913545 0.406737 0 0.406737 0.913545 -1 0 0 32013.dat
1 0 153.1707 123.3683 133.9782 0 -0.913545 0.406737 0 0.406737 0.913545 -1 0 0 3673.dat
1 0 153.1707 123.3683 -88.6602 0 -0.913545 0.406737 0 0.406737 0.913545 -1 0 0 3673.dat
