0 
0 Name: Neues Modell.ldr
0 Author: 
1 18 -30 -113.625 70 1 0 0 0 0 1 0 -1 0 32524.dat
1 18 50 -113.625 70 1 0 0 0 0 1 0 -1 0 32524.dat
1 18 50 -93.625 50 1 0 0 0 0 -1 0 1 0 32523.dat
1 18 -30 -93.625 50 1 0 0 0 0 -1 0 1 0 32523.dat
1 7 -30 -113.625 50 0 1 0 0 0 -1 -1 0 0 11214.dat
1 7 -30 -153.625 50 0 0 1 0 1 0 -1 0 0 65249.dat
1 0 50 -153.625 50 0 0 1 0 1 0 -1 0 0 6536.dat
1 0 -30 -153.625 50 0 0 1 0 1 0 -1 0 0 6536.dat
1 7 50 -153.625 50 0 0 1 0 1 0 -1 0 0 65249.dat
1 7 50 -113.625 50 0 1 0 0 0 -1 -1 0 0 11214.dat
1 7 50 -113.625 50 0 1 0 0 0 -1 -1 0 0 11214.dat
1 7 50 -73.625 50 0 1 0 0 0 -1 -1 0 0 11214.dat
1 7 -30 -73.625 50 0 1 0 0 0 -1 -1 0 0 11214.dat
0 STEP
1 7 -30 -113.625 30 0 1 0 -1 0 0 0 0 1 32039.dat
1 7 -30 -73.625 30 0 1 0 -1 0 0 0 0 1 32039.dat
1 7 50 -113.625 30 0 1 0 -1 0 0 0 0 1 32039.dat
1 7 50 -73.625 30 0 1 0 -1 0 0 0 0 1 32039.dat
1 7 50 -153.625 30 0 1 0 -1 0 0 0 0 1 32039.dat
1 7 -30 -153.625 30 0 1 0 -1 0 0 0 0 1 32039.dat
0 STEP
1 4 -110 -98.5826 10 0 0 1 0 1 0 -1 0 0 32250.dat
1 0 10 -88.1888 10 0 0 1 0 1 0 -1 0 0 32017.dat
1 0 50.0867 -83.625 10.0023 0 1 0 -1 0 0 0 0 1 3707.dat
1 0 -29.9133 -83.625 10.0023 0 1 0 -1 0 0 0 0 1 3707.dat
1 4 130 -98.5826 10 0 0 -1 0 -1 0 -1 0 0 32250.dat
0 STEP
1 4 -110 -58.5826 10 0 0 1 0 1 0 -1 0 0 32250.dat
1 0 10 -48.1888 10 0 0 1 0 1 0 -1 0 0 32017.dat
1 4 130 -58.5826 10 0 0 -1 0 -1 0 -1 0 0 32250.dat
1 4 -110 -37.5195 10 0 0 1 0 1 0 -1 0 0 32250.dat
1 0 10 -27.1257 10 0 0 1 0 1 0 -1 0 0 32017.dat
1 4 130 -37.5195 10 0 0 -1 0 -1 0 -1 0 0 32250.dat
1 4 -110 -16.5738 10 0 0 1 0 1 0 -1 0 0 32250.dat
1 0 10 -6.18 10 0 0 1 0 1 0 -1 0 0 32017.dat
1 4 130 -16.5738 10 0 0 -1 0 -1 0 -1 0 0 32250.dat
0 STEP
1 7 129.9353 -61.885 -30.0543 0 1 0 -1 0 0 0 0 1 3706.dat
1 7 -110.1241 -61.885 -30.0543 0 1 0 -1 0 0 0 0 1 3706.dat
1 18 129.9353 -6.1388 -29.8867 0 0 1 0 1 0 -1 0 0 6632.dat
1 18 129.9353 -27.0099 -29.8867 0 0 1 0 1 0 -1 0 0 6632.dat
1 18 129.9353 -47.881 -29.8867 0 0 1 0 1 0 -1 0 0 6632.dat
1 18 129.9353 -69.0339 -29.8867 0 0 1 0 1 0 -1 0 0 6632.dat
1 18 -150.9508 -6.1388 -29.8867 0 0 1 0 1 0 -1 0 0 6632.dat
1 18 -150.9508 -27.0099 -29.8867 0 0 1 0 1 0 -1 0 0 6632.dat
1 18 -150.9508 -47.881 -29.8867 0 0 1 0 1 0 -1 0 0 6632.dat
1 18 -150.9508 -69.2739 -29.8867 0 0 1 0 1 0 -1 0 0 6632.dat
0 STEP
1 7 170.293 -43.4866 -29.8877 0 1 0 -1 0 0 0 0 1 3705.dat
1 7 -150.1948 -42.2996 -29.8877 0 1 0 -1 0 0 0 0 1 3705.dat
0 STEP
1 7 169.9079 -74.441 -90 -1 0 0 0 -1 0 0 0 1 2825.dat
1 7 169.9079 -53.359 -90 -1 0 0 0 -1 0 0 0 1 2825.dat
1 7 169.9079 -32.5832 -90 -1 0 0 0 -1 0 0 0 1 2825.dat
1 7 169.9079 -11.6544 -90 -1 0 0 0 -1 0 0 0 1 2825.dat
1 7 170.293 -43.4866 -89.2846 0 1 0 -1 0 0 0 0 1 3705.dat
1 7 -150.2831 -74.441 -90 -1 0 0 0 -1 0 0 0 1 2825.dat
1 7 -150.2831 -53.359 -90 -1 0 0 0 -1 0 0 0 1 2825.dat
1 7 -150.2831 -32.5832 -90 -1 0 0 0 -1 0 0 0 1 2825.dat
1 7 -150.2831 -11.6544 -90 -1 0 0 0 -1 0 0 0 1 2825.dat
1 7 -149.898 -43.4866 -89.2846 0 1 0 -1 0 0 0 0 1 3705.dat
0 STEP
1 0 9.4922 -133.3794 50.2456 1 0 0 0 1 0 0 0 1 3737.dat
1 7 65.043 -134.0625 50.2456 0 0 -1 0 1 0 1 0 0 32123a.dat
1 7 -45.3472 -134.0625 50.2456 0 0 -1 0 1 0 1 0 0 32123a.dat
1 0 -60.8711 -133.5282 50.27 0 0 -1 0 1 0 1 0 0 32269.dat
0 STEP
1 7 117.2118 -133.9489 49.9274 0 0 1 1 0 0 0 1 0 4107767.dat
1 7 -100.0077 -133.9489 49.9274 0 0 -1 -1 0 0 0 1 0 4107767.dat
1 7 117.5086 -133.9489 -18.3939 0 0 1 0 -1 0 1 0 0 3706.dat
1 7 -100.3044 -133.9489 -18.3939 0 0 1 0 -1 0 1 0 0 3706.dat
1 0 118.102 -133.7178 -87.8392 1 0 0 0 -1 0 0 0 -1 32015.dat
1 0 -100.3045 -133.7178 -87.8392 1 0 0 0 -1 0 0 0 -1 32015.dat
0 STEP
1 7 118.102 -97.8558 -102.6413 0 0 -1 0.927184 -0.374606 0 -0.374606 -0.927184 0 4519.dat
0 !LEOCAD PIECE PIVOT  0 0 3.7525 1 0 0 0 1 0 0 0 1
1 0 117.8818 -62.5147 -117.6863 0.017452 0 0.999848 -0.406675 0.913545 0.007099 -0.913406 -0.406737 0.015944 32014.dat
1 7 78.2397 -62.8708 -118.486 -0.999848 0 0.017453 -0.007099 0.913545 -0.406675 -0.015944 -0.406737 -0.913406 4519.dat
1 7 79.3781 -71.851 -137.4742 -1 0 0 0 0.913546 -0.406736 0 -0.406736 -0.913546 32039.dat
0 STEP
1 7 -100.3045 -97.8558 -102.6413 0 0 -1 0.927184 -0.374606 0 -0.374606 -0.927184 0 4519.dat
1 0 -100.6298 -62.782 -117.55 -0.017451 0 -0.999848 0.406675 0.913545 -0.007098 0.913406 -0.406737 -0.015942 32014.dat
1 0 39.4759 -62.1977 -117.531 0 0 1 -0.406736 0.913546 0 -0.913546 -0.406736 0 32034.dat
1 7 -29.4292 -61.9592 -116.9957 -1 0 0 0 0.913546 -0.406736 0 -0.406736 -0.913546 3706.dat
0 STEP
1 0 118.102 -124.9623 -114.1945 -1 0 0 0 0.422618 0.906308 0 0.906308 -0.422618 92907.dat
1 7 117.8053 -134.2694 -88.0657 1 0 0 0 -0.891007 -0.45399 0 0.45399 -0.891007 32062.dat
1 0 -100.0077 -124.9623 -114.1945 -1 0 0 0 0.422618 0.906308 0 0.906308 -0.422618 92907.dat
1 7 -100.3044 -134.2694 -88.0657 1 0 0 0 -0.891007 -0.45399 0 0.45399 -0.891007 32062.dat
1 7 118.1823 -134.9828 -109.1935 0 0 1 0.906308 0.422618 0 -0.422618 0.906308 0 4459.dat
1 7 -99.6307 -134.9828 -109.1935 0 0 1 0.906308 0.422618 0 -0.422618 0.906308 0 4459.dat
0 STEP
1 0 39.4759 -143.5143 -105.3087 0 0 1 -0.406736 0.913546 0 -0.913546 -0.406736 0 32034.dat
1 7 78.2397 -144.1874 -106.2637 -0.999848 0 0.017453 -0.007099 0.913545 -0.406675 -0.015944 -0.406737 -0.913406 4519.dat
1 7 -29.4292 -143.2758 -104.7734 -1 0 0 0 0.913546 -0.406736 0 -0.406736 -0.913546 3706.dat
1 0 118.102 -143.3031 -105.3972 0 0 1 0.906308 0.422618 0 -0.422618 0.906308 0 32013.dat
1 0 -99.711 -143.3031 -105.3972 0 0 -1 0.906308 -0.422618 0 -0.422618 -0.906308 0 32013.dat
0 STEP
1 7 79.624 -101.7774 -205.8717 0.017452 0 0.999848 -0.406675 0.913545 0.007099 -0.913406 -0.406737 0.015944 3707.dat
1 18 81.5613 -128.6694 -267.217 0.999848 -0.017451 -0.000305 -0.007098 -0.422557 0.906309 -0.015945 -0.906168 -0.422617 6632.dat
1 18 81.3821 -133.0097 -276.5246 0.999848 -0.017451 -0.000305 -0.007098 -0.422557 0.906309 -0.015945 -0.906168 -0.422617 6632.dat
1 7 81.9618 -118.7971 -344.9343 0.017452 0 0.999848 -0.406675 0.913545 0.007099 -0.913406 -0.406737 0.015944 3707.dat
0 STEP
1 7 1.4583 -83.3959 -362.2331 0.017452 0 0.999848 -0.406675 0.913545 0.007099 -0.913406 -0.406737 0.015944 3707.dat
1 4 81.4254 -51.92 -292.5457 -0.000304 -0.017448 -0.999848 -0.906309 0.422557 -0.007099 0.422616 0.906169 -0.015942 32250.dat
0 STEP
1 7 81.9618 -82.8242 -360.9505 0.017452 0 0.999848 -0.406675 0.913545 0.007099 -0.913406 -0.406737 0.015944 3707.dat
1 4 83.4613 -113.2094 -430.1769 -0.000304 -0.017448 -0.999848 -0.906309 0.422557 -0.007099 0.422616 0.906169 -0.015942 32250.dat
